9989896001: 9989896001
9989896003: 431 23178413
9989896005: 3 3 5 221997689
9989896007: 7 13 61 719 2503
9989896009: 43 232323163
9989896011: 3 10973 303469
9989896013: 47 137 1551467
9989896015: 5 11 23 569 13879
9989896017: 3 29 114826391
9989896019: 19 83 6334747
9989896021: 7 7 9433 21613
9989896023: 3 3 3 2897 127717
9989896025: 5 5 179 2232379
9989896027: 157 63629911
9989896029: 3 3989 834787
9989896031: 17 71 1283 6451
9989896033: 13 768453541
9989896035: 3 5 7 271 351077
9989896037: 11 908172367
9989896039: 9989896039
9989896041: 3 3 31 41 873319
9989896043: 73 97 1410803
9989896045: 5 1997979209
9989896047: 3 89 37415341
9989896049: 7 2311 617537
9989896051: 9989896051
9989896053: 3 3329965351
9989896055: 5 2129 938459
9989896057: 19 525784003
9989896059: 3 3 11 13 13 401 1489
9989896061: 23 434343307
9989896063: 7 1427128009
9989896065: 3 5 17 53 739171
9989896067: 37 269997191
9989896069: 211 3221 14699
9989896071: 3 3329965357
9989896073: 127 78660599
9989896075: 5 5 29 2791 4937
9989896077: 3 3 3 7 52856593
9989896079: 167 59819737
9989896081: 11 2539 357689
9989896083: 3 12893 258277
9989896085: 5 13 683 225023
9989896087: 257 2819 13789
9989896089: 3 41263 80701
9989896091: 7 241 1567 3779
9989896093: 9989896093
9989896095: 3 3 5 19 43 271723
9989896097: 20563 485819
9989896099: 17 79 7438493
9989896101: 3 1009 3300263
9989896103: 11 31 613 47791
9989896105: 5 7 107 331 8059
9989896107: 3 23 47 59 109 479
9989896109: 67 149102927
9989896111: 13 191 4023317
9989896113: 3 3 313 1033 3433
9989896115: 5 6971 286613
9989896117: 199 353 142211
9989896119: 3 7 7 131 518767
9989896121: 9623 1038127
9989896123: 41 243656003
9989896125: 3 5 5 5 11 11 220163
9989896127: 9989896127
9989896129: 61 5077 32257
9989896131: 3 3 3 3 227 543313
9989896133: 7 17 19 29 251 607
9989896135: 5 379 509 10357
9989896137: 3 13 1291 198413
9989896139: 277 1231 29297
9989896141: 37 269997193
9989896143: 3 3329965381
9989896145: 5 4153 481093
9989896147: 7 11 129738911
9989896149: 3 3 103 10776587
9989896151: 1031 9689521
9989896153: 23 457 950423
9989896155: 3 5 665993077
9989896157: 9989896157
9989896159: 3461 2886419
9989896161: 3 7 475709341
9989896163: 13 101 389 19559
9989896165: 5 31 64450943
9989896167: 3 3 17 149 438211
9989896169: 11 1151 789029
9989896171: 19 53 967 10259
9989896173: 3 71 3391 13831
9989896175: 5 5 7 57085121
9989896177: 599 16677623
9989896179: 3 3329965393
9989896181: 43 232323167
9989896183: 3209 3113087
9989896185: 3 3 3 5 83 891557
9989896187: 827 1327 9103
9989896189: 7 13 73 1503823
9989896191: 3 11 29 10438763
9989896193: 113 88406161
9989896195: 5 9871 202409
9989896197: 3 11491 289789
9989896199: 23 4283 101411
9989896201: 17 47 197 63467
9989896203: 3 3 7 151 233 4507
9989896205: 5 41 5827 8363
9989896207: 9989896207
9989896209: 3 19 563 311299
9989896211: 25771 387641
9989896213: 11 908172383
9989896215: 3 5 13 37 1384601
9989896217: 7 7 203875433
9989896219: 9989896219
9989896221: 3 3 1109988469
9989896223: 139 71869757
9989896225: 5 5 59 89 76099
9989896227: 3 31 107418239
9989896229: 229 43624001
9989896231: 7 239 359 16633
9989896233: 3 337 9881203
9989896235: 5 11 17 17 628493
9989896237: 97 293 351497
9989896239: 3 3 3 2749 134593
9989896241: 13 163 4714439
9989896243: 67 223 668623
9989896245: 3 5 7 23 173 23911
9989896247: 19 2693 195241
9989896249: 29 8779 39239
9989896251: 3 61 54589597
9989896253: 17231 579763
9989896255: 5 1997979251
9989896257: 3 3 11 79 181 7057
9989896259: 7 30161 47317
9989896261: 68507 145823
9989896263: 3 3329965421
9989896265: 5 521 3834893
9989896267: 13 43 1709 10457
9989896269: 3 17 195880319
9989896271: 9989896271
9989896273: 7 2957 482627
9989896275: 3 3 5 5 44399539
9989896277: 53 461 408869
9989896279: 11 1319 688531
9989896281: 3 3329965427
9989896283: 311 32121853
9989896285: 5 19 105156803
9989896287: 3 7 41 137 84691
9989896289: 31 37 8709587
9989896291: 23 434343317
9989896293: 3 3 3 3 13 9487081
9989896295: 5 47 42510197
9989896297: 6247 1599151
9989896299: 3 5801 574033
9989896301: 7 11 4639 27967
9989896303: 17 587640959
9989896305: 3 5 1747 381221
9989896307: 29 344479183
9989896309: 269 37137161
9989896311: 3 3 491 1439 1571
9989896313: 2239 4461767
9989896315: 5 7 7 71 574297
9989896317: 3 2153 1546663
9989896319: 13 107 1087 6607
9989896321: 283 977 36131
9989896323: 3 11 19 19 838571
9989896325: 5 5 109 659 5563
9989896327: 127 78660601
9989896329: 3 3 7 1301 121883
9989896331: 9989896331
9989896333: 9989896333
9989896335: 3 5 73 9123193
9989896337: 17 23 25549607
9989896339: 653 15298463
9989896341: 3 157 2377 8923
9989896343: 7 59 24188611
9989896345: 5 11 13 3229 4327
9989896347: 3 3 3 467 792283
9989896349: 48221 207169
9989896351: 31 83 3882587
9989896353: 3 43 193 307 1307
9989896355: 5 103 19397857
9989896357: 7 1427128051
9989896359: 3 10037 331769
9989896361: 19 6163 85313
9989896363: 37 269997199
9989896365: 3 3 5 29 101 75793
9989896367: 11 11 11 7505557
9989896369: 41 1103 220903
9989896371: 3 7 13 17 947 2273
9989896373: 61 163768793
9989896375: 5 5 5 79919171
9989896377: 3 67 49700977
9989896379: 9989896379
9989896381: 131 76258751
9989896383: 3 3 23 53 179 5087
9989896385: 5 7 13999 20389
9989896387: 503 19860629
9989896389: 3 11 47 6440939
9989896391: 9989896391
9989896393: 9989896393
9989896395: 3 5 665993093
9989896397: 13 13 59111813
9989896399: 7 19 397 189199
9989896401: 3 3 3 2003 184721
9989896403: 89 112246027
9989896405: 5 17 349 336757
9989896407: 3 13121 253789
9989896409: 9989896409
9989896411: 11 263 3453127
9989896413: 3 7 7 31 167 13127
9989896415: 5 79 25290877
9989896417: 1511 6611447
9989896419: 3 3 113 9822907
9989896421: 9989896421
9989896423: 13 29 26498399
9989896425: 3 5 5 8969 14851
9989896427: 7 5233 272717
9989896429: 23 1303 333341
9989896431: 3 97 34329541
9989896433: 11 2017 450259
9989896435: 5 1997979287
9989896437: 3 3 19 37 1578931
9989896439: 17 43 13666069
9989896441: 7 9161 155783
9989896443: 3 2753 1209577
9989896445: 5 4447 449287
9989896447: 9989896447
9989896449: 3 13 1609 159199
9989896451: 41 243656011
9989896453: 5381 1856513
9989896455: 3 3 3 3 3 5 7 11 106781
9989896457: 71 140702767
9989896459: 9989896459
9989896461: 3 59 56440093
9989896463: 26501 376963
9989896465: 5 149 419 32003
9989896467: 3 3329965489
9989896469: 7 347 4112761
9989896471: 9989896471
9989896473: 3 3 17 281 317 733
9989896475: 5 5 13 19 23 31 2269
9989896477: 11 908172407
9989896479: 3 1063 1753 1787
9989896481: 29 73 587 8039
9989896483: 7 47 30364427
9989896485: 3 5 1487 447877
9989896487: 9989896487
9989896489: 53 188488613
9989896491: 3 3 211 1093 4813
9989896493: 191 52303123
9989896495: 5 61 32753759
9989896497: 3 7 475709357
9989896499: 11 28277 32117
9989896501: 13 139 5528443
9989896503: 3 3329965501
9989896505: 5 151 13231651
9989896507: 17 587640971
9989896509: 3 3 3 369996167
9989896511: 7 7 37 67 82241
9989896513: 19 525784027
9989896515: 3 5 199 1361 2459
9989896517: 83 120360199
9989896519: 43577 229247
9989896521: 3 11 23 13161919
9989896523: 929 10753387
9989896525: 5 5 7 43 1327561
9989896527: 3 3 13 85383731
9989896529: 9989896529
9989896531: 3643 2742217
9989896533: 3 41 107 759053
9989896535: 5 1997979307
9989896537: 31 322254727
9989896539: 3 7 29 16403771
9989896541: 17 3299 178127
9989896543: 11 109 8331857
9989896545: 3 3 5 221997701
9989896547: 6719 1486813
9989896549: 11549 865001
9989896551: 3 19 175261343
9989896553: 7 13 1999 54917
9989896555: 5 547 3652613
9989896557: 3 2767 1203457
9989896559: 9989896559
9989896561: 103 137 707951
9989896563: 3 3 3 369996169
9989896565: 5 11 181634483
9989896567: 7 23 101 163 3769
9989896569: 3 3329965523
9989896571: 9989896571
9989896573: 79 241 524707
9989896575: 3 5 5 17 409 19157
9989896577: 47 271 784321
9989896579: 13 59 13024637
9989896581: 3 3 7 89 127 14029
9989896583: 9989896583
9989896585: 5 37 227 237883
9989896587: 3 11 302724139
9989896589: 19 525784031
9989896591: 173 57745067
9989896593: 3 1049 3174419
9989896595: 5 7 53 197 27337
9989896597: 29 344479193
9989896599: 3 3 31 71 504311
9989896601: 257 757 51349
9989896603: 9989896603
9989896605: 3 5 13 1847 27737
9989896607: 9989896607
9989896609: 7 7 7 11 11 17 14159
9989896611: 3 43 3697 20947
9989896613: 23 7487 58013
9989896615: 5 41 48731203
9989896617: 3 3 3 3 61 2021837
9989896619: 181 7039 7841
9989896621: 4999 1998379
9989896623: 3 7 383 1242061
9989896625: 5 5 5 97 677 1217
9989896627: 19 73 1453 4957
9989896629: 3 5879 566417
9989896631: 11 13 69859417
9989896633: 541 907 20359
9989896635: 3 3 5 251 884453
9989896637: 7 449 3178459
9989896639: 128857 77527
9989896641: 3 3329965547
9989896643: 17 131 4485809
9989896645: 5 67 113 263899
9989896647: 3 3329965549
9989896649: 9989896649
9989896651: 7 839 1700987
9989896653: 3 3 11 100908047
9989896655: 5 29 157 438827
9989896657: 13 768453589
9989896659: 3 23 37 1399 2797
9989896661: 31 1801 178931
9989896663: 1129 2143 4129
9989896665: 3 5 7 19 5007467
9989896667: 499 20019833
9989896669: 233 42875093
9989896671: 3 3 3 47 1583 4973
9989896673: 9989896673
9989896675: 5 5 11 36326897
9989896677: 3 17 195880327
9989896679: 7 19777 72161
9989896681: 919 10870399
9989896683: 3 13 83 3086159
9989896685: 5 1039 1922983
9989896687: 229 2081 20963
9989896689: 3 3 223 4977527
9989896691: 9989896691
9989896693: 7 277 5152087
9989896695: 3 5 1163 572651
9989896697: 11 41 43 59 8731
9989896699: 17401 574099
9989896701: 3 53 53 1185463
9989896703: 19 525784037
9989896705: 5 23 853 101839
9989896707: 3 3 7 7 1933 11719
9989896709: 13 239 367 8761
9989896711: 17 11731 50093
9989896713: 3 29 29 3959531
9989896715: 5 433 4614271
9989896717: 9989896717
9989896719: 3 11 631 479753
9989896721: 7 6883 207341
9989896723: 31 4649 69317
9989896725: 3 3 3 5 5 14799847
9989896727: 2089 4782143
9989896729: 3529 2830801
9989896731: 3 79 439 96017
9989896733: 37 269997209
9989896735: 5 7 13 13 1688909
9989896737: 3 6073 548323
9989896739: 61 193 313 2711
9989896741: 11 19 71 179 3761
9989896743: 3 3 523 2122349
9989896745: 5 17 373 487 647
9989896747: 107 167 727 769
9989896749: 3 7 475709369
9989896751: 23 443 980459
9989896753: 9989896753
9989896755: 3 5 665993117
9989896757: 9989896757
9989896759: 89 112246031
9989896761: 3 3 13 109 783337
9989896763: 7 11 149 870731
9989896765: 5 47 42510199
9989896767: 3 103 331 97673
9989896769: 101 2393 41333
9989896771: 29 344479199
9989896773: 3 73 619 73693
9989896775: 5 5 399595871
9989896777: 7 1427128111
9989896779: 3 3 3 3 17 19 41 67 139
9989896781: 15619 639599
9989896783: 43 2341 99241
9989896785: 3 5 11 31 1953059
9989896787: 13 26153 29383
9989896789: 10987 909247
9989896791: 3 7 421 1129951
9989896793: 9989896793
9989896795: 5 4801 416159
9989896797: 3 3 23 23 2098277
9989896799: 8311 1202009
9989896801: 2879 3469919
9989896803: 3 26251 126851
9989896805: 5 7 7 5653 7213
9989896807: 11 37 53 151 3067
9989896809: 3 3329965603
9989896811: 571 1279 13679
9989896813: 13 17 17 463 5743
9989896815: 3 3 5 59 3762673
9989896817: 19 593 886651
9989896819: 7 97 1973 7457
9989896821: 3 4903 679169
9989896823: 293 353 96587
9989896825: 5 5 399595873
9989896827: 3 3329965609
9989896829: 11 29 31316291
9989896831: 829 12050539
9989896833: 3 3 3 7 1259 41983
9989896835: 5 127 137 114833
9989896837: 9989896837
9989896839: 3 13 256151201
9989896841: 643 15536387
9989896843: 23 434343341
9989896845: 3 5 7043 94561
9989896847: 7 17 31 269 10067
9989896849: 83 8599 13997
9989896851: 3 3 11 11 9173459
9989896853: 4651 2147903
9989896855: 5 19 105156809
9989896857: 3 3329965619
9989896859: 47 809 262733
9989896861: 7 41 61 401 1423
9989896863: 3 3457 963253
9989896865: 5 13 431 356591
9989896867: 9989896867
9989896869: 3 3 43 691 37357
9989896871: 113 5197 17011
9989896873: 11 1193 761251
9989896875: 3 5 5 5 5 5 7 191 797
9989896877: 5741 1740097
9989896879: 6899 1448021
9989896881: 3 17 37 5294063
9989896883: 71 140702773
9989896885: 5 1051 1901027
9989896887: 3 3 3 29 283 45083
9989896889: 7 23 79 785431
9989896891: 13 9613 79939
9989896893: 3 19 163 379 2837
9989896895: 5 11 181634489
9989896897: 18191 549167
9989896899: 3 3187 1044859
9989896901: 9989896901
9989896903: 7 7 4567 44641
9989896905: 3 3 5 131 311 5449
9989896907: 337 29643611
9989896909: 31 322254739
9989896911: 3 3329965637
9989896913: 53 67 67 199 211
9989896915: 5 17 10103 11633
9989896917: 3 7 11 13 673 4943
9989896919: 73 136847903
9989896921: 9989896921
9989896923: 3 3 1109988547
9989896925: 5 5 1867 214031
9989896927: 9989896927
9989896929: 3 887 1123 3343
9989896931: 7 19 557 134851
9989896933: 59 2719 62273
9989896935: 3 5 23 28956223
9989896937: 89 173 263 2467
9989896939: 11 3361 270209
9989896941: 3 3 3 3 3 389 105683
9989896943: 13 41 2621 7151
9989896945: 5 7 29 9842263
9989896947: 3 16619 200371
9989896949: 17 359 1636883
9989896951: 1693 5900707
9989896953: 3 47 2731 25943
9989896955: 5 37 43 1255801
9989896957: 5237 1907561
9989896959: 3 3 7 1237 128189
9989896961: 11 107 8487593
9989896963: 9989896963
9989896965: 3 5 23369 28499
9989896967: 307 32540381
9989896969: 13 19 157 257611
9989896971: 3 31 101 1063547
9989896973: 7 103 13855613
9989896975: 5 5 14221 28099
9989896977: 3 3 617 1799009
9989896979: 109 91650431
9989896981: 23 181 2399687
9989896983: 3 11 17 61 291923
9989896985: 5 1997979397
9989896987: 7 1427128141
9989896989: 3 197 16903379
9989896991: 9989896991
9989896993: 38393 260201
9989896995: 3 3 3 5 13 5692249
9989896997: 45427 219911
9989896999: 5113 1953823
9989897001: 3 7 7 577 117779
9989897003: 29 344479207
9989897005: 5 11 181634491
9989897007: 3 19 175261351
9989897009: 10391 961399
9989897011: 9989897011
9989897013: 3 3 97 11443181
9989897015: 5 7 83 1459 2357
9989897017: 17 3637 161573
9989897019: 3 53 5231 12011
9989897021: 13 20887 36791
9989897023: 701 14250923
9989897025: 3 5 5 41 71 45757
9989897027: 11 23 39485759
9989897029: 7 37 38571031
9989897031: 3 3 1109988559
9989897033: 31 10831 29753
9989897035: 5 281 1013 7019
9989897037: 3 1879 1772201
9989897039: 227 44008357
9989897041: 43 787 295201
9989897043: 3 7 475709383
9989897045: 5 19 19 5534569
9989897047: 13 47 67 79 3089
9989897049: 3 3 3 11 2293 14669
9989897051: 17 59 2477 4021
9989897053: 18041 553733
9989897055: 3 5 241 2763457
9989897057: 7 139 10267109
9989897059: 37907 263537
9989897061: 3 29 149 770647
9989897063: 9989897063
9989897065: 5 73 479 57139
9989897067: 3 3 457 2428859
9989897069: 9989897069
9989897071: 7 11 129738923
9989897073: 3 13 13 23 856693
9989897075: 5 5 399595883
9989897077: 9989897077
9989897079: 3 3329965693
9989897081: 167 59819743
9989897083: 19 5021 104717
9989897085: 3 3 5 7 17 1865527
9989897087: 9989897087
9989897089: 127 78660607
9989897091: 3 36269 91813
9989897093: 11 11 82561133
9989897095: 5 31 64450949
9989897097: 3 113 29468723
9989897099: 7 7 13 179 87613
9989897101: 4789 2086009
9989897103: 3 3 3 3 37 349 9551
9989897105: 5 61 32753761
9989897107: 41 317 768631
9989897109: 3 137 151 160969
9989897111: 9989897111
9989897113: 7 7937 179807
9989897115: 3 5 11 89 257 2647
9989897117: 42703 233939
9989897119: 17 23 29 271 3251
9989897121: 3 3 19 2551 22901
9989897123: 9989897123
9989897125: 5 5 5 13 53 193 601
9989897127: 3 7 43 11063009
9989897129: 997 10019957
9989897131: 25031 399101
9989897133: 3 3329965711
9989897135: 5 223 233 38453
9989897137: 11 251 3618217
9989897139: 3 3 1109988571
9989897141: 7 47 1723 17623
9989897143: 9989897143
9989897145: 3 5 229 2908267
9989897147: 9989897147
9989897149: 9989897149
9989897151: 3 13 256151209
9989897153: 17 509 569 2029
9989897155: 5 7 285425633
9989897157: 3 3 3 31 11935361
9989897159: 11 19 47798551
9989897161: 9989897161
9989897163: 3 347 9596443
9989897165: 5 23 3623 23977
9989897167: 71 131 1074067
9989897169: 3 7 59 8062871
9989897171: 9989897171
9989897173: 101 8821 11213
9989897175: 3 3 5 5 107 414949
9989897177: 13 29 37 716173
9989897179: 103 1621 59833
9989897181: 3 11 67 83 54437
9989897183: 7 641 2226409
9989897185: 5 6691 298607
9989897187: 3 17 239 819583
9989897189: 41 811 300439
9989897191: 9989897191
9989897193: 3 3 397 773 3617
9989897195: 5 17491 114229
9989897197: 7 7 19 109 98443
9989897199: 3 461 1373 5261
9989897201: 9989897201
9989897203: 11 13 69859421
9989897205: 3 5 79 2027 4159
9989897207: 97 709 145259
9989897209: 9989897209
9989897211: 3 3 3 7 23 73 31481
9989897213: 43 232323191
9989897215: 5 3917 510079
9989897217: 3 3329965739
9989897219: 31 163 1977023
9989897221: 17 587641013
9989897223: 3 3329965741
9989897225: 5 5 7 11 5189557
9989897227: 61 163768807
9989897229: 3 3 13 85383737
9989897231: 53 188488627
9989897233: 9989897233
9989897235: 3 5 19 29 47 25717
9989897237: 9989897237
9989897239: 7 12541 113797
9989897241: 3 3329965747
9989897243: 65099 153457
9989897245: 5 5779 345731
9989897247: 3 3 11 277 364289
9989897249: 661 15113309
9989897251: 37 269997223
9989897253: 3 7 2281 208553
9989897255: 5 13 17 9040631
9989897257: 23 191 2274049
9989897259: 3 23627 140939
9989897261: 1433 6971317
9989897263: 23719 421177
9989897265: 3 3 3 3 5 24666413
9989897267: 7 1427128181
9989897269: 11 908172479
9989897271: 3 41 81218677
9989897273: 19 525784067
9989897275: 5 5 399595891
9989897277: 3 863 3858593
9989897279: 743 13445353
9989897281: 7 13 31 467 7583
9989897283: 3 3 157 173 40867
9989897285: 5 1997979457
9989897287: 59 169320293
9989897289: 3 17 195880339
9989897291: 11 908172481
9989897293: 29 89 491 7883
9989897295: 3 5 7 7 7 1941671
9989897297: 9989897297
9989897299: 43 232323193
9989897301: 3 3 2287 485347
9989897303: 23 419 1036619
9989897305: 5 1721 1160941
9989897307: 3 13 521 491653
9989897309: 7 71 20100397
9989897311: 19 199 857 3083
9989897313: 3 11 302724161
9989897315: 5 67 29820589
9989897317: 12043 829519
9989897319: 3 3 3 1117 331241
9989897321: 883 11313587
9989897323: 7 17 113 742909
9989897325: 3 5 5 37 3599963
9989897327: 9989897327
9989897329: 47 613 346739
9989897331: 3 739 4506043
9989897333: 13 768453641
9989897335: 5 11 11 139 211 563
9989897337: 3 3 7 53 2991883
9989897339: 9989897339
9989897341: 9989897341
9989897343: 3 31 127 181 4673
9989897345: 5 1997979469
9989897347: 83 83 607 2389
9989897349: 3 19 23 61 124919
9989897351: 7 29 49211317
9989897353: 41 877 277829
9989897355: 3 3 5 221997719
9989897357: 11 17 73 731807
9989897359: 13 149 5157407
9989897361: 3 3329965787
9989897363: 79 9743 12979
9989897365: 5 7 313 911903
9989897367: 3 1297 2567437
9989897369: 761 13127329
9989897371: 37493 266447
9989897373: 3 3 3 369996199
9989897375: 5 5 5 101 599 1321
9989897377: 751 13302127
9989897379: 3 7 11 43246309
9989897381: 9989897381
9989897383: 137 197 370147
9989897385: 3 5 13 43 43 103 269
9989897387: 19 525784073
9989897389: 107 383 243769
9989897391: 3 3 17 17 3840791
9989897393: 7 7 409 503 991
9989897395: 5 23 86868673
9989897397: 3 3329965799
9989897399: 37 269997227
9989897401: 11 97 1493 6271
9989897403: 3 3329965801
9989897405: 5 31 59 1092389
9989897407: 7 1427128201
9989897409: 3 3 29 293 130633
9989897411: 13 13 13 151 30113
9989897413: 1481 2381 2833
9989897415: 3 5 109 167 36587
9989897417: 1097 9106561
9989897419: 9989897419
9989897421: 3 7 475709401
9989897423: 11 47 19322819
9989897425: 5 5 17 19 1237139
9989897427: 3 3 3 3 3 3 2677 5119
9989897429: 131 331 230389
9989897431: 1699 5879869
9989897433: 3 3329965811
9989897435: 5 7 41 6961601
9989897437: 13 768453649
9989897439: 3 823 4046131
9989897441: 23 434343367
9989897443: 53 367 513593
9989897445: 3 3 5 11 719 28069
9989897447: 18917 528091
9989897449: 7 67 21300421
9989897451: 3 71 683 68669
9989897453: 283 35299991
9989897455: 5 1997979491
9989897457: 3 179 18603161
9989897459: 17 11657 50411
9989897461: 9989897461
9989897463: 3 3 7 13 19 263 2441
9989897465: 5 1997979493
9989897467: 11 29 31 1010203
9989897469: 3 30509 109147
9989897471: 43 61 89 42793
9989897473: 37 269997229
9989897475: 3 5 5 133198633
9989897477: 7 1427128211
9989897479: 9989897479
9989897481: 3 3 3 369996203
9989897483: 9989897483
9989897485: 5 1997979497
9989897487: 3 23 144781123
9989897489: 11 13 1061 65843
9989897491: 7 7 373 546583
9989897493: 3 17 227 862909
9989897495: 5 1759 1135861
9989897497: 3571 2797507
9989897499: 3 3 1429 776759
9989897501: 19 8233 63863
9989897503: 73 136847911
9989897505: 3 5 7 95141881
9989897507: 1109 9008023
9989897509: 9989897509
9989897511: 3 11 193 1568519
9989897513: 83 1091 110321
9989897515: 5 13 4457 34483
9989897517: 3 3 41 47 576019
9989897519: 7 5309 268813
9989897521: 79 126454399
9989897523: 3 59 56440099
9989897525: 5 5 29 13779169
9989897527: 17 311 1889521
9989897529: 3 31 353 304301
9989897531: 20693 482767
9989897533: 7 11 23 5640823
9989897535: 3 3 3 5 449 164809
9989897537: 241 2657 15601
9989897539: 19 13103 40127
9989897541: 3 13 256151219
9989897543: 23473 425591
9989897545: 5 163 1153 10631
9989897547: 3 7 37 971 13241
9989897549: 53 113 911 1831
9989897551: 9989897551
9989897553: 3 3 21521 51577
9989897555: 5 11 181634501
9989897557: 43 3203 72533
9989897559: 3 3329965853
9989897561: 7 17 83948719
9989897563: 1733 5764511
9989897565: 3 5 665993171
9989897567: 13 2659 289001
9989897569: 12973 770053
9989897571: 3 3 1109988619
9989897573: 9989897573
9989897575: 5 5 7 1901 30029
9989897577: 3 11 11 19 101 14341
9989897579: 23 434343373
9989897581: 223 307 337 433
9989897583: 3 29 67 1201 1427
9989897585: 5 1997979517
9989897587: 9227 1082681
9989897589: 3 3 3 3 7 7 2516981
9989897591: 31 103 3128687
9989897593: 13 61 71 177431
9989897595: 3 5 17 97 403877
9989897597: 127 157 281 1783
9989897599: 11 41 22150549
9989897601: 3 233 14291699
9989897603: 7 107 229 58243
9989897605: 5 12163 164267
9989897607: 3 3 30937 35879
9989897609: 439 22756031
9989897611: 47 212551013
9989897613: 3 139 23956589
9989897615: 5 19 105156817
9989897617: 7 1427128231
9989897619: 3 13 3313 77317
9989897621: 11 37 24545203
9989897623: 821 2857 4259
9989897625: 3 3 5 5 5 23 386083
9989897627: 9989897627
9989897629: 17 173 257 13217
9989897631: 3 7 475709411
9989897633: 109 421 217697
9989897635: 5 1997979527
9989897637: 3 443 7516853
9989897639: 191 251 208379
9989897641: 29 59 5838631
9989897643: 3 3 3 11 43 659 1187
9989897645: 5 7 13 653 33623
9989897647: 9989897647
9989897649: 3 73 89 547 937
9989897651: 379 26358569
9989897653: 19 31 2617 6481
9989897655: 3 5 53 587 21407
9989897657: 137 149 489389
9989897659: 7 29077 49081
9989897661: 3 3 271 4095899
9989897663: 17 401 1465439
9989897665: 5 11 239 499 1523
9989897667: 3 359 9275671
9989897669: 9989897669
9989897671: 13 23 33411029
9989897673: 3 7 475709413
9989897675: 5 5 399595907
9989897677: 10687 934771
9989897679: 3 3 79 83 169283
9989897681: 41 4759 51199
9989897683: 9989897683
9989897685: 3 5 1553 428843
9989897687: 7 7 11 1907 9719
9989897689: 9989897689
9989897691: 3 19 131 1337873
9989897693: 9989897693
9989897695: 5 37 53999447
9989897697: 3 3 3 13 17 859 1949
9989897699: 29 344479231
9989897701: 7 1427128243
9989897703: 3 3329965901
9989897705: 5 47 181 234863
9989897707: 6701 1490807
9989897709: 3 11 199 1521227
9989897711: 79847 125113
9989897713: 151 66158263
9989897715: 3 3 5 7 31 31 61 541
9989897717: 23 67 6482737
9989897719: 389 487 52733
9989897721: 3 3329965907
9989897723: 13 12119 63409
9989897725: 5 5 399595909
9989897727: 3 431 7726139
9989897729: 7 19 43 983 1777
9989897731: 11 17 53421913
9989897733: 3 3 1109988637
9989897735: 5 71 28140557
9989897737: 9989897737
9989897739: 3 463 7192151
9989897741: 317 31513873
9989897743: 7 5791 246439
9989897745: 3 5 1613 412891
9989897747: 9989897747
9989897749: 13 13 167 353963
9989897751: 3 3 3 3 881 139991
9989897753: 11 908172523
9989897755: 5 1597 1251083
9989897757: 3 7 29 211 77743
9989897759: 59 169320301
9989897761: 53 188488637
9989897763: 3 23 41 3531247
9989897765: 5 17 117528209
9989897767: 19 19 2699 10253
9989897769: 3 3 37 29999693
9989897771: 7 3359 424867
9989897773: 9989897773
9989897775: 3 5 5 11 13 113 8243
9989897777: 31 197 1635811
9989897779: 101 98909879
9989897781: 3 6553 508159
9989897783: 9989897783
9989897785: 5 7 7 40775093
9989897787: 3 3 953 1164731
9989897789: 97 523 196919
9989897791: 7253 1377347
9989897793: 3 3329965931
9989897795: 5 73 3581 7643
9989897797: 11 103 8817209
9989897799: 3 7 17 47 595381
9989897801: 13 277 349 7949
9989897803: 9989897803
9989897805: 3 3 3 5 19 3894697
9989897807: 9989897807
9989897809: 23 434343383
9989897811: 3 48407 68791
9989897813: 7 1427128259
9989897815: 5 29 43 179 8951
9989897817: 3 107 31121177
9989897819: 11 11 82561139
9989897821: 9989897821
9989897823: 3 3 1607 690721
9989897825: 5 5 399595913
9989897827: 7 13 89 1233473
9989897829: 3 3329965943
9989897831: 9989897831
9989897833: 17 587641049
9989897835: 3 5 665993189
9989897837: 61 79 941 2203
9989897839: 31 322254769
9989897841: 3 3 7 11 827 17431
9989897843: 19 37 14210381
9989897845: 5 41 83 587123
9989897847: 3 3469 959921
9989897849: 9989897849
9989897851: 67 109 127 10771
9989897853: 3 13 256151227
9989897855: 5 7 23 23 23 23459
9989897857: 347 28789331
9989897859: 3 3 3 1471 251527
9989897861: 9989897861
9989897863: 11 908172533
9989897865: 3 5 9187 72493
9989897867: 17 53 11087567
9989897869: 7 5573 256079
9989897871: 3 163 3109 6571
9989897873: 29 344479237
9989897875: 5 5 5 2179 36677
9989897877: 3 3 59 71 264977
9989897879: 13 768453683
9989897881: 19 2687 195677
9989897883: 3 7 7 67958489
9989897885: 5 11 9697 18731
9989897887: 9989897887
9989897889: 3 3329965963
9989897891: 139 71869769
9989897893: 47 212551019
9989897895: 3 3 5 221997731
9989897897: 7 193 2011 3677
9989897899: 2371 4213369
9989897901: 3 17 23 31 43 6389
9989897903: 1697 5886799
9989897905: 5 13 153690737
9989897907: 3 11 302724179
9989897909: 9989897909
9989897911: 7 157 9089989
9989897913: 3 3 3 3 3 41110691
9989897915: 5 1997979583
9989897917: 37 269997241
9989897919: 3 19 175261367
9989897921: 43003 232307
9989897923: 269 37137167
9989897925: 3 5 5 7 1021 18637
9989897927: 41 243656047
9989897929: 11 908172539
9989897931: 3 3 13 29 137 21491
9989897933: 1249 1367 5851
9989897935: 5 17 117528211
9989897937: 3 24593 135403
9989897939: 7 733 1946969
9989897941: 73 73 1874629
9989897943: 3 9859 337759
9989897945: 5 1997979589
9989897947: 23 227 1913407
9989897949: 3 3 1109988661
9989897951: 11 1019 891239
9989897953: 7 131 571 19079
9989897955: 3 5 149 4469753
9989897957: 13 19 40444931
9989897959: 61 163768819
9989897961: 3 3329965987
9989897963: 31 1811 177943
9989897965: 5 3491 572323
9989897967: 3 3 3 7 52856603
9989897969: 17 17 34567121
9989897971: 1669 5985559
9989897973: 3 11 53 5711777
9989897975: 5 5 173 2309803
9989897977: 9989897977
9989897979: 3 677 4918709
9989897981: 7 7 7 101 457 631
9989897983: 13 97 7922203
9989897985: 3 3 5 67 3313399
9989897987: 43 47 397 12451
9989897989: 29 263 1309807
9989897991: 3 37 313 287537
9989897993: 23 14747 29453
9989897995: 5 7 11 19 59 79 293
9989897997: 3 22699 146701
9989897999: 9989897999
9989898001: 113 6917 12781
9989898003: 3 3 17 103 593 1069
9989898005: 5 89 22449209
9989898007: 37397 267131
9989898009: 3 7 13 41 892513
9989898011: 83 619 194443
9989898013: 9989898013
9989898015: 3 5 151 4410551
9989898017: 11 908172547
9989898019: 71 241 283 2063
9989898021: 3 3 3 191 1937153
9989898023: 7 479 2979391
9989898025: 5 5 31 12890191
9989898027: 3 223 14932583
9989898029: 9989898029
9989898031: 107 3613 25841
9989898033: 3 19 175261369
9989898035: 5 13 1213 126703
9989898037: 7 17 8389 10007
9989898039: 3 3 11 23 647 6781
9989898041: 9989898041
9989898043: 1741 5738023
9989898045: 3 5 557 1195679
9989898047: 29 344479243
9989898049: 9989898049
9989898051: 3 7 475709431
9989898053: 9989898053
9989898055: 5 1997979611
9989898057: 3 3 1109988673
9989898059: 24917 400927
9989898061: 11 11 13 229 27733
9989898063: 3 3329966021
9989898065: 5 7 37 7714207
9989898067: 181 233 236879
9989898069: 3 109 30550147
9989898071: 17 19 3833 8069
9989898073: 43 2243 103577
9989898075: 3 3 3 3 5 5 4933283
9989898077: 9989898077
9989898079: 7 7 53 3846707
9989898081: 3 47 61 1161481
9989898083: 11 167 5438159
9989898085: 5 23 86868679
9989898087: 3 13 13 31 73 8707
9989898089: 9989898089
9989898091: 41 331 736121
9989898093: 3 3 7 158569811
9989898095: 5 1997979619
9989898097: 6761 1477577
9989898099: 3 3329966033
9989898101: 24103 414467
9989898103: 9989898103
9989898105: 3 5 11 17 29 127 967
9989898107: 7 199 7171499
9989898109: 19 525784111
9989898111: 3 3 1109988679
9989898113: 13 59 2593 5023
9989898115: 5 757 2639339
9989898117: 3 3329966039
9989898119: 67 1009 147773
9989898121: 7 461 3095723
9989898123: 3 3119 1067639
9989898125: 5 5 5 5 1499 10663
9989898127: 11 643 1412399
9989898129: 3 3 3 2713 136379
9989898131: 23 434343397
9989898133: 47207 211619
9989898135: 3 5 7 95141887
9989898137: 9989898137
9989898139: 13 17 37 1221707
9989898141: 3 251 419 31663
9989898143: 239 257 162641
9989898145: 5 1997979629
9989898147: 3 3 19 2801 20857
9989898149: 7 11 31 311 13457
9989898151: 9989898151
9989898153: 3 79 42151469
9989898155: 5 383 577 9041
9989898157: 9989898157
9989898159: 3 43 281 275591
9989898161: 71 3907 36013
9989898163: 7 29 49211321
9989898165: 3 3 5 13 1223 13963
9989898167: 9989898167
9989898169: 139 71869771
9989898171: 3 11 197 509 3019
9989898173: 17 41 179 80071
9989898175: 5 5 47 8502041
9989898177: 3 7 7 23 83 97 367
9989898179: 211 1033 45833
9989898181: 4201 2377981
9989898183: 3 3 3 89 101 41161
9989898185: 5 19 53 1984091
9989898187: 9989898187
9989898189: 3 34883 95461
9989898191: 7 13 109779101
9989898193: 11 1171 775553
9989898195: 3 5 307 2169359
9989898197: 163 61287719
9989898199: 9989898199
9989898201: 3 3 727 1526807
9989898203: 61 271 604313
9989898205: 5 7 137 2083399
9989898207: 3 17 195880357
9989898209: 103 96989303
9989898211: 31 409 617 1277
9989898213: 3 37 1031 87293
9989898215: 5 11 131 467 2969
9989898217: 13 768453709
9989898219: 3 3 7 158569813
9989898221: 29 344479249
9989898223: 19 23 22860179
9989898225: 3 5 5 157 848399
9989898227: 113 88406179
9989898229: 9989898229
9989898231: 3 59 56440103
9989898233: 7 73 1229 15907
9989898235: 5 353 1289 4391
9989898237: 3 3 3 3 11 373 30059
9989898239: 9989898239
9989898241: 17 587641073
9989898243: 3 13 256151237
9989898245: 5 43 107 434249
9989898247: 7 1861 766861
9989898249: 3 3329966083
9989898251: 691 14457161
9989898253: 67 149 1000691
9989898255: 3 3 5 41 337 16067
9989898257: 9989898257
9989898259: 11 5333 170293
9989898261: 3 7 19 25037339
9989898263: 673 14843831
9989898265: 5 947 2109799
9989898267: 3 30319 109831
9989898269: 13 23 47 710873
9989898271: 10091 989981
9989898273: 3 3 31 35806087
9989898275: 5 5 7 7 17 491 977
9989898277: 9989898277
9989898279: 3 29 8387 13691
9989898281: 11 908172571
9989898283: 193 5471 9461
9989898285: 3 5 769 866051
9989898287: 37 37 109 66947
9989898289: 7 33179 43013
9989898291: 3 3 3 53 569 12269
9989898293: 60761 164413
9989898295: 5 13 153690743
9989898297: 3 3329966099
9989898299: 19 525784121
9989898301: 9989898301
9989898303: 3 7 11 11 71 55373
9989898305: 5 1997979661
9989898307: 1181 8458847
9989898309: 3 3 17 65293453
9989898311: 79 126454409
9989898313: 2543 3928391
9989898315: 3 5 23 28956227
9989898317: 7 151 9451181
9989898319: 9989898319
9989898321: 3 13 173 1480643
9989898323: 9989898323
9989898325: 5 5 11 61 595523
9989898327: 3 3 601 1846903
9989898329: 839 11906911
9989898331: 7 43 33189031
9989898333: 3 3329966111
9989898335: 5 31 5209 12373
9989898337: 19 29 41 442207
9989898339: 3 3329966113
9989898341: 9989898341
9989898343: 17 83 1913 3701
9989898345: 3 3 3 5 7 2579 4099
9989898347: 11 13 3323 21023
9989898349: 59 521 324991
9989898351: 3 3329966117
9989898353: 9989898353
9989898355: 5 277 1873 3851
9989898357: 3 31327 106297
9989898359: 7 127 11237231
9989898361: 23 37 89 131899
9989898363: 3 3 47 23616781
9989898365: 5 1997979673
9989898367: 9989898367
9989898369: 3 11 302724193
9989898371: 97 102988643
9989898373: 7 7 13 15682729
9989898375: 3 5 5 5 19 317 4423
9989898377: 17 587641081
9989898379: 73 8783 15581
9989898381: 3 3 929 1194821
9989898383: 9989898383
9989898385: 5 101 359 55103
9989898387: 3 7 67 7100141
9989898389: 49639 201251
9989898391: 11 20021 45361
9989898393: 3 3329966131
9989898395: 5 29 29 2375719
9989898397: 31 53 6080279
9989898399: 3 3 3 3 3 13 503 6287
9989898401: 7 227 6286909
9989898403: 191 52303133
9989898405: 3 5 665993227
9989898407: 23 434343409
9989898409: 379 2237 11783
9989898411: 3 17 853 229637
9989898413: 11 19 47798557
9989898415: 5 7 103 2771123
9989898417: 3 3 43 167 154573
9989898419: 41 243656059
9989898421: 9989898421
9989898423: 3 3329966141
9989898425: 5 5 13 13 701 3373
9989898427: 18749 532823
9989898429: 3 7 181 2628229
9989898431: 9989898431
9989898433: 449 22249217
9989898435: 3 3 5 11 37 545449
9989898437: 9989898437
9989898439: 9989898439
9989898441: 3 3329966147
9989898443: 7 1447 986267
9989898445: 5 17 71 1655327
9989898447: 3 61 139 433 907
9989898449: 1951 5120399
9989898451: 13 19 2113 19141
9989898453: 3 3 3 23 29 113 4909
9989898455: 5 1997979691
9989898457: 7 11 47 2760403
9989898459: 3 31 107 1003909
9989898461: 269 563 65963
9989898463: 9989898463
9989898465: 3 5 401 641 2591
9989898467: 59 169320313
9989898469: 79 797 158663
9989898471: 3 3 7 7 1151 19681
9989898473: 223 44797751
9989898475: 5 5 421 949159
9989898477: 3 13 131 809 2417
9989898479: 11 17 137 389941
9989898481: 9989898481
9989898483: 3 3329966161
9989898485: 5 7 285425671
9989898487: 439 1451 15683
9989898489: 3 3 19 19 829 3709
9989898491: 71011 140681
9989898493: 1087 9190339
9989898495: 3 5 665993233
9989898497: 389 25680973
9989898499: 7 23 349 177791
9989898501: 3 11 41 241 30637
9989898503: 13 43 53 337189
9989898505: 5 109 199 92111
9989898507: 3 3 3 369996241
9989898509: 37 83 3252979
9989898511: 29 344479259
9989898513: 3 7 17 27982909
9989898515: 5 263 1381 5501
9989898517: 20393 489869
9989898519: 3 229 919 15823
9989898521: 31 67 4809773
9989898523: 11 163 443 12577
9989898525: 3 3 5 5 73 608213
9989898527: 7 19 75112019
9989898529: 13 768453733
9989898531: 3 179 18603163
9989898533: 233 42875101
9989898535: 5 1997979707
9989898537: 3 3329966179
9989898539: 89 157 714943
9989898541: 7 1427128363
9989898543: 3 3 1109988727
9989898545: 5 11 11 23 717923
9989898547: 17 17 34567123
9989898549: 3 1993 1670831
9989898551: 47 149 347 4111
9989898553: 9989898553
9989898555: 3 5 7 13 613 11939
9989898557: 9989898557
9989898559: 9989898559
9989898561: 3 3 3 3 607 203183
9989898563: 9989898563
9989898565: 5 19 97 197 5503
9989898567: 3 11 302724199
9989898569: 7 7 29 61 115249
9989898571: 661 15113311
9989898573: 3 599 5559209
9989898575: 5 5 1103 362281
9989898577: 9989898577
9989898579: 3 3 1109988731
9989898581: 13 17 293 154277
9989898583: 7 31 37 41 30347
9989898585: 3 5 59 283 39887
9989898587: 71 101 1393097
9989898589: 11 43 431 49003
9989898591: 3 23 144781139
9989898593: 9989898593
9989898595: 5 1997979719
9989898597: 3 3 7 1283 123593
9989898599: 9989898599
9989898601: 211 1231 38461
9989898603: 3 19 175261379
9989898605: 5 1063 1879567
9989898607: 13 20411 37649
9989898609: 3 53 62829551
9989898611: 7 11 129738943
9989898613: 127 78660619
9989898615: 3 3 3 5 17 787 5531
9989898617: 313 31916609
9989898619: 151 66158269
9989898621: 3 103 239 135271
9989898623: 9989898623
9989898625: 5 5 5 7 709 16103
9989898627: 3 29 79 1453499
9989898629: 54829 182201
9989898631: 9989898631
9989898633: 3 3 11 13 2521 3079
9989898635: 5 1997979727
9989898637: 23 434343419
9989898639: 3 7 6653 71503
9989898641: 19 1997 263287
9989898643: 251 39800393
9989898645: 3 5 31 47 457099
9989898647: 1619 6170413
9989898649: 17 11689 50273
9989898651: 3 3 2473 448843
9989898653: 7 1427128379
9989898655: 5 11 67 2710963
9989898657: 3 37 257 350191
9989898659: 13 22817 33679
9989898661: 26321 379541
9989898663: 3 499 6673279
9989898665: 5 41 463 105251
9989898667: 7 7 7 173 168353
9989898669: 3 3 3 193 1917079
9989898671: 73 136847927
9989898673: 107 93363539
9989898675: 3 5 5 43 83 37321
9989898677: 11 1093 830899
9989898679: 19 113 4652957
9989898681: 3 7 475709461
9989898683: 17 23 25549613
9989898685: 5 13 29 5299681
9989898687: 3 3 1109988743
9989898689: 3037 3289397
9989898691: 61 1049 156119
9989898693: 3 487 6837713
9989898695: 5 7 285425677
9989898697: 108131 92387
9989898699: 3 11 7927 38189
9989898701: 9989898701
9989898703: 59 887 190891
9989898705: 3 3 5 14437 15377
9989898707: 31 4157 77521
9989898709: 7 1427128387
9989898711: 3 13 256151249
9989898713: 9989898713
9989898715: 5 53 2909 12959
9989898717: 3 17 19 89 115837
9989898719: 1291 7738109
9989898721: 11 281 3231931
9989898723: 3 3 3 3 7 109 161641
9989898725: 5 5 139 2874791
9989898727: 9989898727
9989898729: 3 23 71 2039171
9989898731: 37 269997263
9989898733: 12323 810671
9989898735: 3 5 7351 90599
9989898737: 7 13 109779107
9989898739: 47 131 773 2099
9989898741: 3 3 1109988749
9989898743: 11 29 547 57251
9989898745: 5 271 7372619
9989898747: 3 41 81218689
9989898749: 9989898749
9989898751: 7 17 167 502687
9989898753: 3 137 331 73433
9989898755: 5 19 105156829
9989898757: 9989898757
9989898759: 3 3 97 11443183
9989898761: 43 5647 41141
9989898763: 13 13 1039 56893
9989898765: 3 5 7 7 11 743 1663
9989898767: 1409 7090063
9989898769: 31 322254799
9989898771: 3 311 1627 6581
9989898773: 98731 101183
9989898775: 5 5 23 1579 11003
9989898777: 3 3 3 369996251
9989898779: 7 2297 621301
9989898781: 397 25163473
9989898783: 3 7951 418811
9989898785: 5 17 79 191 7789
9989898787: 11 11 82561147
9989898789: 3 13 67 101 37853
9989898791: 181 1483 37217
9989898793: 7 19 75112021
9989898795: 3 3 5 221997751
9989898797: 541 18465617
9989898799: 9989898799
9989898801: 3 29 114826423
9989898803: 18047 553549
9989898805: 5 37 53999453
9989898807: 3 7 475709467
9989898809: 11 307 739 4003
9989898811: 811 3011 4091
9989898813: 3 3 61 18196537
9989898815: 5 13 153690751
9989898817: 73 683 200363
9989898819: 3 17 195880369
9989898821: 7 23 53 59 19843
9989898823: 1987 5027629
9989898825: 3 5 5 3301 40351
9989898827: 103 96989309
9989898829: 41 587 415087
9989898831: 3 3 3 11 19 31 57107
9989898833: 47 212551039
9989898835: 5 7 523 545747
9989898837: 3 43891 75869
9989898839: 3331 2999069
9989898841: 13 83 1327 6977
9989898843: 3 3137 1061513
9989898845: 5 1997979769
9989898847: 43 232323229
9989898849: 3 3 7 149 163 6529
9989898851: 9989898851
9989898853: 11 17 157 340267
9989898855: 3 5 227 2933891
9989898857: 9989898857
9989898859: 29 344479271
9989898861: 3 3329966287
9989898863: 7 7 8713 23399
9989898865: 5 33013 60521
9989898867: 3 3 13 23 127 29231
9989898869: 19 15193 34607
9989898871: 71 140702801
9989898873: 3 3329966291
9989898875: 5 5 5 11 7265381
9989898877: 7 6911 206501
9989898879: 3 37 751 119839
9989898881: 61231 163151
9989898883: 719 13894157
9989898885: 3 3 3 3 3 3 3 5 913571
9989898887: 17 107 5491973
9989898889: 179 55809491
9989898891: 3 7 761 625111
9989898893: 13 31 2161 11471
9989898895: 5 89 457 49123
9989898897: 3 11 4271 70879
9989898899: 1657 6028907
9989898901: 8167 1223203
9989898903: 3 3 199 5577833
9989898905: 5 7 113 1543 1637
9989898907: 19 11119 47287
9989898909: 3 277 12021539
9989898911: 41 41 367 16193
9989898913: 23 23 1877 10061
9989898915: 3 5 665993261
9989898917: 29 1319 261167
9989898919: 7 11 13 223 44753
9989898921: 3 3 17 151 383 1129
9989898923: 67 149102969
9989898925: 5 5 399595957
9989898927: 3 47 53 1336799
9989898929: 337 29643617
9989898931: 1301 7678631
9989898933: 3 7 43 11063011
9989898935: 5 61 61 536947
9989898937: 2411 4143467
9989898939: 3 3 3 59 6271123
9989898941: 11 109 353 23603
9989898943: 79 126454417
9989898945: 3 5 13 19 2696329
9989898947: 7 1427128421
9989898949: 9989898949
9989898951: 3 653 1559 3271
9989898953: 37 97 2783477
9989898955: 5 17 31 3791233
9989898957: 3 3 1109988773
9989898959: 23 197 2204789
9989898961: 7 7 659 309371
9989898963: 3 11 73 4146907
9989898965: 5 1997979793
9989898967: 1307 7643381
9989898969: 3 3329966323
9989898971: 13 768453767
9989898973: 4409 2265797
9989898975: 3 3 5 5 7 29 218717
9989898977: 229 43624013
9989898979: 419 23842241
9989898981: 3 479 6951913
9989898983: 19 241 373 5849
9989898985: 5 11 181634527
9989898987: 3 1051 1601 1979
9989898989: 7 17 83948731
9989898991: 101 9539 10369
9989898993: 3 3 3 41 9024299
9989898995: 5 1997979799
9989898997: 13 768453769
9989898999: 3 233 269 53129
9989899001: 131 2333 32687
9989899003: 7 139 863 11897
9989899005: 3 5 23 28956229
9989899007: 11 83 2399 4561
9989899009: 317 31513877
9989899011: 3 3 1531 725009
9989899013: 71 173 813311
9989899015: 5 1997979803
9989899017: 3 7 31 15345467
9989899019: 43 232323233
9989899021: 19 47 1163 9619
9989899023: 3 13 17 211 71411
9989899025: 5 5 857 466273
9989899027: 37 137 1970783
9989899029: 3 3 11 11 11 409 2039
9989899031: 7 1427128433
9989899033: 29 53 103 63103
9989899035: 3 5 1303 511123
9989899037: 1489 6709133
9989899039: 9989899039
9989899041: 3 263 12661469
9989899043: 461 21670063
9989899045: 5 7 11953 23879
9989899047: 3 3 3 3 123332087
9989899049: 13 768453773
9989899051: 11 23 1889 20903
9989899053: 3 5479 607769
9989899055: 5 193 10352227
9989899057: 17 59 61 67 2437
9989899059: 3 7 7 19 1217 2939
9989899061: 1013 9861697
9989899063: 31249 319687
9989899065: 3 3 5 221997757
9989899067: 26833 372299
9989899069: 9989899069
9989899071: 3 3329966357
9989899073: 7 11 89 1457741
9989899075: 5 5 13 41 749711
9989899077: 3 15649 212791
9989899079: 31 322254809
9989899081: 5441 1836041
9989899083: 3 3 1109988787
9989899085: 5 167 823 14537
9989899087: 7 883 1616227
9989899089: 3 3329966363
9989899091: 17 29 20263487
9989899093: 1549 6449257
9989899095: 3 5 11 571 106033
9989899097: 19 23 22860181
9989899099: 239 3049 13709
9989899101: 3 3 3 7 13 13 37 79 107
9989899103: 359 27827017
9989899105: 5 43 46464647
9989899107: 3 877 3796997
9989899109: 73 136847933
9989899111: 9989899111
9989899113: 3 3329966371
9989899115: 5 7 47 6072887
9989899117: 11 908172647
9989899119: 3 3 1109988791
9989899121: 127 78660623
9989899123: 997 1931 5189
9989899125: 3 5 5 5 17 17 92179
9989899127: 13 7489 102611
9989899129: 7 18587 76781
9989899131: 3 113 29468729
9989899133: 53813 185641
9989899135: 5 19 8929 11777
9989899137: 3 3 1109988793
9989899139: 11 53 17135333
9989899141: 31 3803 84737
9989899143: 3 7 23 20683021
9989899145: 5 251 7960079
9989899147: 97 149 691199
9989899149: 3 29 467 245881
9989899151: 283 35299997
9989899153: 13 181 4245601
9989899155: 3 3 3 5 71 1042243
9989899157: 7 7 41 4972573
9989899159: 17 109 557 9679
9989899161: 3 11 12911 23447
9989899163: 9989899163
9989899165: 5 39779 50227
9989899167: 3 157 191 293 379
9989899169: 9989899169
9989899171: 7 257 5553029
9989899173: 3 3 19 83 703861
9989899175: 5 5 37 59 163 1123
9989899177: 17327 576551
9989899179: 3 13 61 4199201
9989899181: 9989899181
9989899183: 11 7993 113621
9989899185: 3 5 7 95141897
9989899187: 9989899187
9989899189: 23 509 593 1439
9989899191: 3 3 43 67 385279
9989899193: 17 101 5818229
9989899195: 5 1997979839
9989899197: 3 349 9541451
9989899199: 7 1427128457
9989899201: 9989899201
9989899203: 3 31 8377 12823
9989899205: 5 11 13 13971887
9989899207: 29 344479283
9989899209: 3 3 3 3 47 2624087
9989899211: 19 19 27672851
9989899213: 7 1427128459
9989899215: 3 5 9631 69151
9989899217: 9989899217
9989899219: 9989899219
9989899221: 3 18503 179969
9989899223: 151 66158273
9989899225: 5 5 1567 255007
9989899227: 3 3 7 11 17 847967
9989899229: 8191 1219619
9989899231: 13 768453787
9989899233: 3 3329966411
9989899235: 5 23 86868689
9989899237: 1361 7340117
9989899239: 3 41 103 788531
9989899241: 7 1427128463
9989899243: 313 631 50581
9989899245: 3 3 5 53 347 12071
9989899247: 179 1667 33479
9989899249: 11 19 37 619 2087
9989899251: 3 89 3727 10039
9989899253: 9989899253
9989899255: 5 7 7 73 558563
9989899257: 3 13 491 521693
9989899259: 79 1193 105997
9989899261: 17 587641133
9989899263: 3 3 3 131 2824399
9989899265: 5 29 31 821 2707
9989899267: 401 2777 8971
9989899269: 3 7 475709489
9989899271: 11 11 82561151
9989899273: 11743 850711
9989899275: 3 5 5 389 342413
9989899277: 43 2083 111533
9989899279: 7013 1424483
9989899281: 3 3 23 139 347197
9989899283: 7 13 281 390673
9989899285: 5 1997979857
9989899287: 3 19 271 646721
9989899289: 9989899289
9989899291: 3167 3154373
9989899293: 3 11 59 5130919
9989899295: 5 17 4079 28813
9989899297: 7 71 20100401
9989899299: 3 3 4049 274139
9989899301: 61 137 199 6007
9989899303: 47 212551049
9989899305: 3 5 665993287
9989899307: 7817 1277971
9989899309: 13 227 577 5867
9989899311: 3 7 475709491
9989899313: 433 23071361
9989899315: 5 11 107 1697519
9989899317: 3 3 3 421 878851
9989899319: 29671 336689
9989899321: 41 243656081
9989899323: 3 29 37 3103417
9989899325: 5 5 7 19 67 44843
9989899327: 23 31 14011079
9989899329: 3 17 195880379
9989899331: 449 22249219
9989899333: 647 677 22807
9989899335: 3 3 5 13 17076751
9989899337: 11 11597 78311
9989899339: 7 83 17194319
9989899341: 3 97 34329551
9989899343: 85297 117119
9989899345: 5 1997979869
9989899347: 3 4787 695627
9989899349: 21767 458947
9989899351: 53 1259 149713
9989899353: 3 3 7 7 7 197 16427
9989899355: 5 1997979871
9989899357: 113 88406189
9989899359: 3 11 173 1749851
9989899361: 13 768453797
9989899363: 17 19 43 719267
9989899365: 3 5 223 439 6803
9989899367: 7 1427128481
9989899369: 1279 7810711
9989899371: 3 3 3 3 3 911 45127
9989899373: 23 434343451
9989899375: 5 5 5 5 127 127 991
9989899377: 3 109 30550151
9989899379: 9989899379
9989899381: 7 11 29 4473757
9989899383: 3 3329966461
9989899385: 5 1997979877
9989899387: 13 4421 173819
9989899389: 3 3 31 35806091
9989899391: 521 19174471
9989899393: 311 32121863
9989899395: 3 5 7 101 941999
9989899397: 17 37 47 337919
9989899399: 2903 3441233
9989899401: 3 19 73 2400841
9989899403: 11 41 22150553
9989899405: 5 503 733 5419
9989899407: 3 3 2339 474557
9989899409: 7 443 3221509
9989899411: 59 169320329
9989899413: 3 13 643 398369
9989899415: 5 331 859 7027
9989899417: 79 3767 33569
9989899419: 3 23 167 866953
9989899421: 9989899421
9989899423: 7 61 307 76207
9989899425: 3 3 3 5 5 11 1345441
9989899427: 2207 4526461
9989899429: 89 569 197269
9989899431: 3 17 195880381
9989899433: 1237 8075909
9989899435: 5 229 8724803
9989899437: 3 7 16111 29527
9989899439: 13 13 19 29 71 1511
9989899441: 193 1789 28933
9989899443: 3 3 1109988827
9989899445: 5 103 149 211 617
9989899447: 11 908172677
9989899449: 3 43 77441081
9989899451: 7 7 31 431 15259
9989899453: 1571 6358943
9989899455: 3 5 665993297
9989899457: 53 1399 134731
9989899459: 67 1487 100271
9989899461: 3 3 1109988829
9989899463: 277 36064619
9989899465: 5 7 13 17 23 233 241
9989899467: 3 3329966489
9989899469: 11 11779 77101
9989899471: 37 6863 39341
9989899473: 3 3329966491
9989899475: 5 5 399595979
9989899477: 19 525784183
9989899479: 3 3 3 7 52856611
9989899481: 157 63629933
9989899483: 48821 204623
9989899485: 3 5 41 16243739
9989899487: 9989899487
9989899489: 971 2917 3527
9989899491: 3 11 13 47 495457
9989899493: 7 33811 42209
9989899495: 5 827 2415937
9989899497: 3 3 29 38275477
9989899499: 17 10301 57047
9989899501: 163 61287727
9989899503: 3 3329966501
9989899505: 5 83 24072047
9989899507: 7 8053 177217
9989899509: 3 3329966503
9989899511: 23 434343457
9989899513: 11 11 31 881 3023
9989899515: 3 3 5 19 181 64553
9989899517: 13 768453809
9989899519: 102763 97213
9989899521: 3 7 5153 92317
9989899523: 937 2447 4357
9989899525: 5 5 131 151 20201
9989899527: 3 1871 1779779
9989899529: 59 107 601 2633
9989899531: 9989899531
9989899533: 3 3 3 3 17 1453 4993
9989899535: 5 7 11 43 97 6221
9989899537: 269 37137173
9989899539: 3 3329966513
9989899541: 9989899541
9989899543: 13 10939 70249
9989899545: 3 5 37 61 295079
9989899547: 73 136847939
9989899549: 7 7 191 1067411
9989899551: 3 3 8369 132631
9989899553: 19 1117 470711
9989899555: 5 29 68895859
9989899557: 3 11 23 13161923
9989899559: 139 3329 21589
9989899561: 3863 2586047
9989899563: 3 7 53 8975651
9989899565: 5 1997979913
9989899567: 17 41 263 54497
9989899569: 3 3 13 85383757
9989899571: 6637 1505183
9989899573: 9989899573
9989899575: 3 5 5 31 79 137 397
9989899577: 7 239 2141 2789
9989899579: 11 908172689
9989899581: 3 71 46900937
9989899583: 113 6089 14519
9989899585: 5 47 42510211
9989899587: 3 3 3 563 657187
9989899589: 9989899589
9989899591: 7 19 463 162229
9989899593: 3 67 49700993
9989899595: 5 13 109 1410007
9989899597: 101 98909897
9989899599: 3 2069 1609457
9989899601: 11 17 53421923
9989899603: 23 337 1288853
9989899605: 3 3 5 7 179 177173
9989899607: 89 112246063
9989899609: 673 14843833
9989899611: 3 1061 1097 2861
9989899613: 29 344479297
9989899615: 5 31081 64283
9989899617: 3 3329966539
9989899619: 7 37 38571041
9989899621: 13 43 17871019
9989899623: 3 3 11 9151 11027
9989899625: 5 5 5 79919197
9989899627: 6317 1581431
9989899629: 3 19 127 757 1823
9989899631: 77323 129197
9989899633: 7 691 2065309
9989899635: 3 5 17 39176077
9989899637: 31 31 10395317
9989899639: 3463 2884753
9989899641: 3 3 3 369996283
9989899643: 317 31513879
9989899645: 5 11 367 494917
9989899647: 3 7 7 13 59 251 353
9989899649: 23 41 10593743
9989899651: 103 96989317
9989899653: 3 13877 239963
9989899655: 5 727 2748253
9989899657: 9989899657
9989899659: 3 3 4583 242197
9989899661: 7 499 2859977
9989899663: 9989899663
9989899665: 3 5 3121 213391
9989899667: 11 19 61 487 1609
9989899669: 17 53 11087569
9989899671: 3 29 83 1383451
9989899673: 13 8839 86939
9989899675: 5 5 7 57085141
9989899677: 3 3 1109988853
9989899679: 47 212551057
9989899681: 9989899681
9989899683: 3 4051 822011
9989899685: 5 257 1709 4549
9989899687: 383 2963 8803
9989899689: 3 7 11 43246319
9989899691: 9989899691
9989899693: 37 73 953 3881
9989899695: 3 3 3 3 5 23 983 1091
9989899697: 9989899697
9989899699: 13 31 199 124567
9989899701: 3 3719 895393
9989899703: 7 17 17 4938161
9989899705: 5 19 173 607843
9989899707: 3 43 1423 54421
9989899709: 9989899709
9989899711: 11 908172701
9989899713: 3 3 3257 340801
9989899715: 5 1997979943
9989899717: 7 283 5042857
9989899719: 3 941 3538753
9989899721: 27143 368047
9989899723: 71 140702813
9989899725: 3 5 5 13 1109 9239
9989899727: 67 149102981
9989899729: 29 97 373 9521
9989899731: 3 3 7 41 3867557
9989899733: 11 79 2251 5107
9989899735: 5 1997979947
9989899737: 3 17 195880387
9989899739: 9989899739
9989899741: 23 434343467
9989899743: 3 19 107 149 10993
9989899745: 5 7 7 40775101
9989899747: 197 641 79111
9989899749: 3 3 3 369996287
9989899751: 13 768453827
9989899753: 167 293 204163
9989899755: 3 5 11 11 5504077
9989899757: 9989899757
9989899759: 7 1427128537
9989899761: 3 31 107418277
9989899763: 227 2351 18719
9989899765: 5 59 33864067
9989899767: 3 3 37 29999699
9989899769: 9989899769
9989899771: 17 599 981037
9989899773: 3 7 47 10121479
9989899775: 5 5 53 607 12421
9989899777: 11 13 13 5373803
9989899779: 3 9941 334973
9989899781: 19 613 857723
9989899783: 3407 2932169
9989899785: 3 3 5 89 2494357
9989899787: 7 23 29 131 16333
9989899789: 61 163768849
9989899791: 3 3329966597
9989899793: 43 232323251
9989899795: 5 157 12725987
9989899797: 3 3329966599
9989899799: 11 101 1747 5147
9989899801: 7 1427128543
9989899803: 3 3 3 13 4871 5843
9989899805: 5 17 117528233
9989899807: 37039 269713
9989899809: 3 113 457 64483
9989899811: 223 44797757
9989899813: 41 109 2235377
9989899815: 3 5 7 95141903
9989899817: 419 3539 6737
9989899819: 19 525784201
9989899821: 3 3 11 359 281081
9989899823: 31 769 419057
9989899825: 5 5 399595993
9989899827: 3 151 163 193 701
9989899829: 7 13 271 405089
9989899831: 2557 3906883
9989899833: 3 23 144781157
9989899835: 5 1997979967
9989899837: 83 139 547 1583
9989899839: 3 3 17 73 894431
9989899841: 37 269997293
9989899843: 7 7 11 18534137
9989899845: 3 5 29 281 81727
9989899847: 409 24425183
9989899849: 137 72918977
9989899851: 3 1153 2888089
9989899853: 9989899853
9989899855: 5 13 153690767
9989899857: 3 3 3 3 3 7 19 103 3001
9989899859: 18439 541781
9989899861: 67 149102983
9989899863: 3 56941 58481
9989899865: 5 11 71 2558233
9989899867: 47 47 211 21433
9989899869: 3 313 10638871
9989899871: 7 1427128553
9989899873: 17 8963 65563
9989899875: 3 3 5 5 5 8879911
9989899877: 181 55192817
9989899879: 23 43 541 18671
9989899881: 3 13 53 523 9241
9989899883: 59 127 1333231
9989899885: 5 7 31 2347 3923
9989899887: 3 11 302724239
9989899889: 28631 348919
9989899891: 79 5483 23063
9989899893: 3 3 229 661 7333
9989899895: 5 19 41 349 7349
9989899897: 5227 1911211
9989899899: 3 7 16937 28087
9989899901: 100501 99401
9989899903: 29 344479307
9989899905: 3 5 665993327
9989899907: 13 17 45203167
9989899909: 11 16073 56503
9989899911: 3 3 3 61 6065513
9989899913: 7 1427128559
9989899915: 5 37 53999459
9989899917: 3 5693 584923
9989899919: 9989899919
9989899921: 9989899921
9989899923: 3 97 2999 11447
9989899925: 5 5 23 379 45841
9989899927: 7 1427128561
9989899929: 3 3 12841 86441
9989899931: 11 191 233 20407
9989899933: 13 19 19 1459 1459
9989899935: 3 5 10859 61331
9989899937: 12041 829657
9989899939: 347 479 60103
9989899941: 3 7 7 17 3997559
9989899943: 9989899943
9989899945: 5 1373 1455193
9989899947: 3 3 31 241 148573
9989899949: 9989899949
9989899951: 9989899951
9989899953: 3 11 302724241
9989899955: 5 7 285425713
9989899957: 107 4547 20533
9989899959: 3 13 11483 22307
9989899961: 29 47 1297 5651
9989899963: 89 179 627073
9989899965: 3 3 3 5 43 461 3733
9989899967: 1021 9784427
9989899969: 7 7433 191999
9989899971: 3 19 23 23 331307
9989899973: 9989899973
9989899975: 5 5 11 17 2136877
9989899977: 3 41 8693 9343
9989899979: 9989899979
9989899981: 9989899981
9989899983: 3 3 7 2131 74411
9989899985: 5 13 73 1201 1753
9989899987: 53 11057 17047
9989899989: 3 37 1019 88321
9989899991: 9989899991
9989899993: 28081 355753
9989899995: 3 5 67 9940199
9989899997: 7 11 11 11794451
9989899999: 9989899999
